110
2 1
3 2
4 1
5 4
6 1
7 6
8 1
9 2
10 4
11 6
12 1
13 9
14 4
15 13
16 10
17 3
18 8
19 13
20 4
21 19
22 19
23 7
24 20
25 16
26 6
27 22
28 5
29 22
30 7
31 27
32 7
33 17
34 10
35 26
36 28
37 36
38 34
39 7
40 39
41 18
42 1
43 22
44 21
45 32
46 17
47 26
48 19
49 9
50 16
51 28
52 13
53 44
54 36
55 27
56 35
57 46
58 20
59 55
60 5
61 24
62 54
63 55
64 11
65 36
66 39
67 14
68 25
69 56
70 68
71 52
72 30
73 4
74 44
75 6
76 29
77 18
78 47
79 20
80 40
81 51
82 46
83 34
84 19
85 34
86 59
87 35
88 85
89 2
90 50
91 55
92 39
93 13
94 34
95 33
96 18
97 71
98 73
99 28
100 85
101 40
102 100
103 14
104 4
105 27
106 43
107 14
108 8
109 28
110 89
