130
2 1
3 1
4 2
5 2
6 3
7 2
8 7
9 8
10 1
11 8
12 7
13 3
14 2
15 14
16 9
17 10
18 1
19 15
20 11
21 13
22 18
23 19
24 11
25 11
26 20
27 5
28 9
29 11
30 19
31 1
32 26
33 20
34 2
35 32
36 10
37 34
38 26
39 38
40 18
41 38
42 37
43 15
44 15
45 31
46 6
47 22
48 27
49 5
50 39
51 35
52 5
53 14
54 45
55 7
56 11
57 8
58 9
59 40
60 32
61 43
62 25
63 40
64 21
65 45
66 17
67 11
68 62
69 17
70 20
71 44
72 7
73 45
74 33
75 61
76 13
77 22
78 16
79 78
80 70
81 20
82 80
83 78
84 35
85 6
86 46
87 85
88 74
89 7
90 9
91 89
92 81
93 40
94 53
95 60
96 65
97 52
98 14
99 76
100 43
101 66
102 40
103 68
104 10
105 74
106 41
107 18
108 97
109 30
110 34
111 28
112 29
113 110
114 32
115 34
116 104
117 30
118 46
119 27
120 61
121 109
122 2
123 62
124 89
125 96
126 47
127 68
128 20
129 31
130 80
