150
2 1
3 2
4 2
5 4
6 4
7 1
8 2
9 6
10 2
11 3
12 1
13 9
14 3
15 8
16 7
17 9
18 16
19 1
20 6
21 7
22 19
23 5
24 21
25 17
26 3
27 10
28 15
29 8
30 8
31 26
32 9
33 5
34 8
35 10
36 34
37 16
38 4
39 7
40 18
41 3
42 29
43 41
44 39
45 37
46 20
47 31
48 34
49 44
50 49
51 7
52 41
53 40
54 34
55 4
56 26
57 37
58 10
59 3
60 52
61 2
62 57
63 29
64 6
65 11
66 52
67 58
68 15
69 66
70 59
71 46
72 27
73 20
74 11
75 41
76 36
77 74
78 28
79 41
80 23
81 30
82 61
83 37
84 41
85 31
86 76
87 57
88 35
89 79
90 37
91 40
92 36
93 79
94 69
95 92
96 71
97 67
98 35
99 86
100 77
101 6
102 31
103 35
104 40
105 15
106 19
107 11
108 67
109 32
110 47
111 86
112 66
113 78
114 93
115 35
116 64
117 101
118 68
119 19
120 90
121 6
122 6
123 48
124 81
125 98
126 62
127 110
128 103
129 53
130 27
131 109
132 45
133 102
134 79
135 114
136 131
137 31
138 25
139 115
140 132
141 82
142 64
143 69
144 35
145 30
146 121
147 111
148 111
149 7
150 129
