170
2 1
3 1
4 1
5 2
6 3
7 4
8 3
9 8
10 5
11 10
12 1
13 12
14 10
15 4
16 3
17 14
18 7
19 18
20 1
21 3
22 18
23 20
24 8
25 22
26 16
27 10
28 8
29 13
30 19
31 9
32 18
33 3
34 4
35 19
36 2
37 27
38 15
39 12
40 20
41 19
42 38
43 8
44 3
45 5
46 43
47 37
48 3
49 23
50 41
51 22
52 49
53 20
54 47
55 27
56 31
57 42
58 45
59 49
60 45
61 11
62 4
63 48
64 20
65 2
66 28
67 55
68 54
69 39
70 45
71 61
72 53
73 37
74 60
75 74
76 65
77 29
78 13
79 63
80 47
81 46
82 34
83 76
84 12
85 21
86 17
87 12
88 53
89 10
90 58
91 32
92 65
93 37
94 79
95 26
96 17
97 61
98 50
99 91
100 7
101 98
102 46
103 17
104 87
105 9
106 73
107 79
108 37
109 45
110 39
111 109
112 110
113 2
114 23
115 85
116 22
117 102
118 7
119 63
120 106
121 44
122 26
123 58
124 73
125 25
126 2
127 118
128 45
129 36
130 118
131 120
132 79
133 90
134 42
135 75
136 121
137 10
138 38
139 86
140 127
141 98
142 27
143 64
144 105
145 25
146 88
147 108
148 112
149 140
150 91
151 143
152 50
153 87
154 109
155 25
156 143
157 10
158 89
159 57
160 68
161 48
162 78
163 38
164 130
165 45
166 52
167 57
168 162
169 18
170 41
