190
2 1
3 2
4 3
5 3
6 2
7 5
8 2
9 5
10 3
11 8
12 2
13 1
14 7
15 5
16 13
17 11
18 8
19 3
20 7
21 3
22 9
23 8
24 11
25 4
26 11
27 10
28 11
29 17
30 19
31 12
32 6
33 28
34 5
35 25
36 13
37 7
38 26
39 22
40 11
41 17
42 28
43 24
44 34
45 10
46 18
47 35
48 16
49 8
50 21
51 12
52 13
53 39
54 40
55 9
56 32
57 30
58 12
59 44
60 30
61 47
62 50
63 23
64 5
65 42
66 12
67 47
68 7
69 34
70 68
71 20
72 13
73 69
74 61
75 18
76 31
77 70
78 1
79 56
80 49
81 57
82 80
83 7
84 38
85 18
86 71
87 71
88 24
89 54
90 57
91 65
92 4
93 37
94 32
95 75
96 66
97 78
98 56
99 5
100 1
101 18
102 4
103 45
104 102
105 64
106 77
107 24
108 11
109 5
110 38
111 60
112 59
113 77
114 108
115 91
116 89
117 7
118 27
119 44
120 23
121 91
122 47
123 112
124 38
125 11
126 100
127 3
128 112
129 97
130 86
131 91
132 93
133 123
134 95
135 103
136 5
137 59
138 76
139 23
140 113
141 100
142 17
143 116
144 36
145 1
146 44
147 146
148 122
149 36
150 84
151 102
152 124
153 47
154 76
155 76
156 106
157 104
158 16
159 111
160 66
161 40
162 132
163 31
164 41
165 67
166 101
167 14
168 22
169 56
170 145
171 107
172 132
173 131
174 151
175 88
176 121
177 90
178 100
179 175
180 74
181 63
182 85
183 125
184 36
185 23
186 143
187 58
188 147
189 43
190 187
