300
2 1
3 2
4 3
5 1
6 2
7 3
8 1
9 2
10 9
11 3
12 2
13 11
14 3
15 6
16 10
17 16
18 15
19 4
20 17
21 13
22 12
23 19
24 17
25 11
26 21
27 12
28 21
29 5
30 16
31 9
32 22
33 30
34 33
35 34
36 2
37 23
38 10
39 35
40 22
41 27
42 13
43 12
44 22
45 21
46 20
47 28
48 7
49 7
50 30
51 20
52 1
53 9
54 44
55 20
56 18
57 7
58 11
59 54
60 12
61 42
62 56
63 61
64 12
65 5
66 11
67 16
68 61
69 50
70 3
71 19
72 1
73 16
74 36
75 54
76 17
77 13
78 68
79 77
80 23
81 67
82 55
83 6
84 72
85 9
86 60
87 9
88 22
89 12
90 78
91 77
92 59
93 90
94 79
95 58
96 2
97 96
98 46
99 94
100 29
101 33
102 4
103 91
104 30
105 20
106 17
107 34
108 36
109 20
110 98
111 78
112 87
113 102
114 52
115 85
116 115
117 96
118 12
119 63
120 26
121 106
122 44
123 111
124 80
125 61
126 84
127 9
128 67
129 93
130 57
131 67
132 27
133 74
134 11
135 15
136 47
137 104
138 31
139 96
140 85
141 95
142 28
143 108
144 96
145 96
146 26
147 59
148 9
149 60
150 64
151 52
152 107
153 63
154 9
155 6
156 68
157 121
158 105
159 4
160 159
161 120
162 133
163 126
164 66
165 3
166 76
167 104
168 13
169 103
170 145
171 21
172 11
173 82
174 161
175 74
176 172
177 101
178 97
179 25
180 147
181 149
182 21
183 22
184 112
185 133
186 144
187 1
188 125
189 131
190 60
191 96
192 115
193 42
194 18
195 165
196 110
197 62
198 79
199 95
200 93
201 88
202 23
203 97
204 150
205 100
206 145
207 103
208 88
209 147
210 204
211 103
212 170
213 127
214 209
215 101
216 151
217 180
218 47
219 210
220 178
221 179
222 131
223 205
224 119
225 112
226 195
227 49
228 200
229 205
230 155
231 214
232 133
233 76
234 219
235 110
236 115
237 78
238 53
239 157
240 124
241 127
242 79
243 65
244 89
245 218
246 10
247 172
248 158
249 201
250 158
251 80
252 42
253 16
254 79
255 60
256 243
257 44
258 80
259 95
260 190
261 159
262 245
263 164
264 41
265 184
266 259
267 22
268 133
269 54
270 113
271 151
272 150
273 121
274 272
275 151
276 180
277 115
278 140
279 165
280 239
281 13
282 205
283 150
284 177
285 93
286 154
287 271
288 263
289 203
290 95
291 252
292 224
293 53
294 226
295 112
296 128
297 4
298 153
299 93
300 247
