400
2 1
3 2
4 1
5 1
6 1
7 6
8 5
9 1
10 3
11 10
12 8
13 11
14 4
15 13
16 8
17 14
18 5
19 12
20 17
21 4
22 13
23 14
24 12
25 20
26 9
27 12
28 19
29 14
30 28
31 30
32 26
33 30
34 20
35 5
36 29
37 32
38 37
39 8
40 14
41 17
42 36
43 34
44 17
45 21
46 43
47 26
48 31
49 10
50 25
51 11
52 37
53 35
54 45
55 33
56 28
57 38
58 4
59 35
60 45
61 51
62 34
63 38
64 20
65 56
66 1
67 58
68 11
69 65
70 64
71 8
72 42
73 58
74 72
75 57
76 29
77 40
78 72
79 28
80 22
81 59
82 10
83 42
84 6
85 55
86 36
87 31
88 49
89 47
90 36
91 34
92 71
93 48
94 45
95 33
96 8
97 17
98 80
99 61
100 18
101 80
102 58
103 49
104 41
105 82
106 57
107 40
108 40
109 72
110 11
111 2
112 111
113 43
114 63
115 24
116 107
117 94
118 103
119 69
120 2
121 14
122 19
123 10
124 121
125 118
126 91
127 49
128 32
129 48
130 75
131 30
132 61
133 123
134 1
135 61
136 104
137 58
138 25
139 97
140 25
141 31
142 89
143 72
144 99
145 32
146 124
147 106
148 39
149 100
150 109
151 20
152 57
153 106
154 24
155 21
156 103
157 100
158 18
159 29
160 76
161 98
162 35
163 35
164 91
165 150
166 59
167 140
168 149
169 31
170 88
171 106
172 51
173 127
174 30
175 162
176 38
177 50
178 97
179 162
180 59
181 44
182 36
183 3
184 1
185 179
186 102
187 77
188 102
189 162
190 110
191 97
192 182
193 37
194 116
195 172
196 194
197 39
198 157
199 82
200 126
201 115
202 123
203 198
204 126
205 112
206 105
207 97
208 185
209 112
210 178
211 199
212 89
213 99
214 39
215 100
216 40
217 139
218 125
219 101
220 52
221 110
222 176
223 204
224 136
225 142
226 154
227 179
228 202
229 165
230 199
231 77
232 70
233 221
234 69
235 100
236 156
237 7
238 16
239 200
240 122
241 27
242 40
243 45
244 204
245 41
246 241
247 216
248 183
249 187
250 166
251 150
252 222
253 67
254 227
255 40
256 68
257 124
258 155
259 228
260 46
261 9
262 147
263 207
264 186
265 30
266 229
267 103
268 86
269 108
270 144
271 170
272 40
273 77
274 67
275 248
276 102
277 262
278 209
279 226
280 118
281 229
282 186
283 195
284 129
285 26
286 146
287 31
288 132
289 134
290 275
291 191
292 188
293 265
294 111
295 118
296 168
297 282
298 103
299 286
300 241
301 253
302 233
303 81
304 227
305 135
306 247
307 165
308 185
309 62
310 241
311 289
312 117
313 271
314 185
315 153
316 165
317 71
318 90
319 63
320 37
321 137
322 19
323 277
324 262
325 182
326 167
327 32
328 284
329 58
330 140
331 206
332 251
333 144
334 220
335 128
336 307
337 165
338 250
339 66
340 149
341 31
342 86
343 157
344 176
345 204
346 117
347 293
348 284
349 332
350 103
351 226
352 60
353 158
354 335
355 258
356 330
357 96
358 194
359 237
360 231
361 124
362 148
363 99
364 74
365 143
366 124
367 195
368 145
369 345
370 209
371 272
372 75
373 146
374 262
375 352
376 51
377 247
378 107
379 127
380 262
381 81
382 335
383 161
384 173
385 308
386 297
387 245
388 43
389 360
390 204
391 369
392 150
393 1
394 42
395 312
396 159
397 55
398 294
399 266
400 54
