500
2 1
3 2
4 1
5 2
6 1
7 1
8 6
9 1
10 1
11 2
12 5
13 4
14 4
15 3
16 10
17 16
18 7
19 14
20 1
21 4
22 10
23 11
24 21
25 14
26 5
27 12
28 26
29 1
30 21
31 3
32 31
33 15
34 10
35 25
36 24
37 31
38 13
39 7
40 39
41 6
42 35
43 27
44 11
45 18
46 17
47 2
48 16
49 30
50 38
51 7
52 35
53 44
54 26
55 5
56 4
57 26
58 29
59 35
60 15
61 9
62 22
63 3
64 8
65 46
66 46
67 61
68 48
69 67
70 34
71 29
72 6
73 57
74 31
75 9
76 22
77 7
78 25
79 11
80 50
81 80
82 37
83 34
84 53
85 62
86 82
87 24
88 43
89 62
90 32
91 46
92 77
93 15
94 35
95 29
96 94
97 87
98 63
99 66
100 3
101 63
102 66
103 41
104 60
105 101
106 84
107 11
108 107
109 99
110 90
111 53
112 4
113 79
114 96
115 54
116 57
117 82
118 67
119 44
120 71
121 96
122 104
123 121
124 24
125 82
126 9
127 120
128 110
129 58
130 53
131 24
132 109
133 38
134 126
135 73
136 87
137 115
138 57
139 71
140 44
141 27
142 124
143 142
144 16
145 97
146 126
147 41
148 24
149 72
150 7
151 20
152 73
153 4
154 123
155 150
156 140
157 20
158 1
159 120
160 24
161 19
162 19
163 64
164 110
165 54
166 47
167 119
168 85
169 5
170 105
171 66
172 25
173 67
174 43
175 42
176 136
177 112
178 80
179 108
180 5
181 19
182 140
183 106
184 145
185 49
186 178
187 181
188 86
189 177
190 123
191 7
192 49
193 151
194 83
195 71
196 94
197 67
198 136
199 70
200 116
201 21
202 87
203 65
204 2
205 55
206 62
207 149
208 113
209 40
210 115
211 89
212 207
213 181
214 120
215 207
216 40
217 145
218 112
219 41
220 43
221 9
222 202
223 200
224 19
225 16
226 168
227 185
228 74
229 113
230 213
231 124
232 103
233 126
234 31
235 94
236 26
237 12
238 77
239 227
240 191
241 54
242 230
243 31
244 162
245 139
246 219
247 10
248 238
249 185
250 73
251 97
252 81
253 21
254 150
255 248
256 2
257 239
258 117
259 56
260 94
261 110
262 229
263 199
264 259
265 147
266 108
267 59
268 30
269 76
270 45
271 249
272 80
273 173
274 75
275 137
276 185
277 253
278 9
279 115
280 191
281 48
282 43
283 195
284 259
285 256
286 202
287 200
288 221
289 213
290 155
291 56
292 276
293 92
294 8
295 242
296 4
297 71
298 158
299 33
300 203
301 221
302 261
303 176
304 278
305 212
306 281
307 59
308 28
309 126
310 25
311 42
312 3
313 183
314 240
315 51
316 264
317 270
318 29
319 28
320 59
321 178
322 181
323 9
324 129
325 183
326 35
327 310
328 197
329 308
330 248
331 270
332 262
333 202
334 185
335 219
336 155
337 30
338 118
339 173
340 51
341 82
342 8
343 48
344 313
345 122
346 292
347 73
348 221
349 217
350 155
351 156
352 4
353 47
354 51
355 111
356 189
357 168
358 340
359 113
360 25
361 46
362 262
363 97
364 136
365 133
366 153
367 163
368 355
369 147
370 126
371 56
372 356
373 39
374 45
375 169
376 275
377 39
378 198
379 109
380 298
381 361
382 34
383 224
384 291
385 380
386 253
387 73
388 52
389 40
390 176
391 295
392 291
393 21
394 266
395 261
396 209
397 390
398 3
399 239
400 206
401 68
402 308
403 147
404 122
405 351
406 68
407 300
408 276
409 321
410 75
411 295
412 275
413 128
414 295
415 299
416 86
417 23
418 226
419 71
420 213
421 31
422 314
423 86
424 335
425 218
426 188
427 66
428 166
429 3
430 402
431 81
432 164
433 232
434 151
435 158
436 394
437 362
438 240
439 9
440 417
441 206
442 91
443 377
444 4
445 25
446 132
447 24
448 173
449 222
450 393
451 30
452 187
453 205
454 314
455 169
456 406
457 433
458 373
459 346
460 218
461 60
462 88
463 437
464 164
465 249
466 459
467 204
468 333
469 148
470 134
471 13
472 198
473 443
474 115
475 198
476 307
477 333
478 211
479 154
480 465
481 403
482 62
483 168
484 335
485 447
486 411
487 409
488 75
489 102
490 141
491 452
492 215
493 356
494 444
495 113
496 148
497 291
498 313
499 354
500 74
