600
2 1
3 2
4 3
5 4
6 5
7 5
8 7
9 7
10 8
11 5
12 1
13 8
14 2
15 6
16 5
17 6
18 4
19 12
20 17
21 14
22 4
23 3
24 11
25 24
26 10
27 9
28 16
29 4
30 16
31 29
32 31
33 22
34 10
35 26
36 27
37 12
38 12
39 8
40 34
41 20
42 14
43 30
44 30
45 18
46 38
47 45
48 32
49 11
50 5
51 39
52 27
53 39
54 8
55 17
56 4
57 38
58 48
59 46
60 5
61 37
62 46
63 10
64 60
65 15
66 48
67 37
68 10
69 43
70 67
71 14
72 48
73 68
74 19
75 71
76 27
77 36
78 16
79 73
80 78
81 54
82 17
83 57
84 63
85 67
86 7
87 39
88 65
89 24
90 45
91 80
92 27
93 51
94 5
95 37
96 56
97 62
98 41
99 56
100 26
101 24
102 70
103 77
104 22
105 54
106 104
107 37
108 64
109 68
110 2
111 102
112 18
113 43
114 39
115 50
116 104
117 112
118 4
119 3
120 111
121 21
122 9
123 43
124 115
125 114
126 49
127 35
128 23
129 2
130 126
131 91
132 110
133 47
134 118
135 100
136 32
137 126
138 13
139 74
140 124
141 50
142 23
143 28
144 64
145 81
146 32
147 21
148 120
149 51
150 68
151 17
152 5
153 84
154 126
155 71
156 88
157 93
158 19
159 78
160 134
161 37
162 121
163 54
164 122
165 151
166 122
167 68
168 156
169 140
170 128
171 37
172 130
173 113
174 148
175 102
176 29
177 59
178 71
179 2
180 46
181 123
182 33
183 23
184 152
185 167
186 161
187 128
188 167
189 160
190 186
191 69
192 7
193 170
194 173
195 25
196 97
197 67
198 59
199 177
200 172
201 96
202 131
203 123
204 18
205 112
206 170
207 164
208 121
209 135
210 166
211 202
212 28
213 63
214 149
215 205
216 87
217 137
218 149
219 47
220 125
221 133
222 93
223 10
224 170
225 101
226 25
227 40
228 38
229 213
230 183
231 124
232 209
233 76
234 209
235 172
236 82
237 211
238 64
239 96
240 52
241 213
242 39
243 159
244 208
245 156
246 114
247 48
248 195
249 224
250 158
251 179
252 10
253 166
254 119
255 229
256 189
257 175
258 226
259 40
260 226
261 175
262 244
263 221
264 228
265 57
266 168
267 193
268 208
269 136
270 133
271 78
272 21
273 41
274 2
275 137
276 21
277 140
278 57
279 272
280 124
281 23
282 160
283 201
284 147
285 36
286 265
287 240
288 102
289 155
290 231
291 144
292 122
293 16
294 77
295 149
296 150
297 95
298 79
299 53
300 35
301 12
302 289
303 64
304 5
305 273
306 88
307 132
308 249
309 138
310 133
311 80
312 119
313 52
314 191
315 258
316 223
317 23
318 28
319 60
320 110
321 237
322 297
323 28
324 5
325 265
326 56
327 153
328 292
329 282
330 182
331 287
332 269
333 99
334 269
335 244
336 8
337 58
338 151
339 141
340 170
341 252
342 186
343 158
344 23
345 249
346 103
347 26
348 198
349 178
350 206
351 309
352 40
353 187
354 217
355 253
356 102
357 267
358 340
359 310
360 100
361 196
362 61
363 193
364 90
365 62
366 194
367 362
368 246
369 20
370 329
371 338
372 278
373 285
374 204
375 150
376 56
377 356
378 331
379 132
380 58
381 57
382 207
383 187
384 333
385 79
386 57
387 135
388 264
389 53
390 263
391 275
392 362
393 79
394 42
395 363
396 19
397 345
398 7
399 231
400 169
401 208
402 177
403 10
404 98
405 188
406 124
407 264
408 261
409 209
410 160
411 239
412 69
413 398
414 204
415 121
416 15
417 286
418 370
419 416
420 52
421 414
422 60
423 162
424 229
425 390
426 402
427 6
428 137
429 116
430 359
431 61
432 243
433 285
434 383
435 341
436 209
437 282
438 428
439 414
440 426
441 55
442 61
443 203
444 319
445 101
446 264
447 168
448 93
449 345
450 439
451 413
452 410
453 183
454 280
455 239
456 118
457 399
458 6
459 61
460 166
461 224
462 31
463 255
464 289
465 110
466 200
467 342
468 326
469 281
470 39
471 106
472 365
473 189
474 382
475 120
476 132
477 326
478 291
479 191
480 367
481 173
482 238
483 448
484 14
485 394
486 278
487 275
488 19
489 309
490 384
491 219
492 236
493 158
494 57
495 171
496 227
497 272
498 433
499 30
500 39
501 237
502 285
503 321
504 221
505 383
506 257
507 322
508 100
509 353
510 504
511 207
512 90
513 84
514 325
515 261
516 484
517 387
518 328
519 44
520 289
521 72
522 405
523 65
524 159
525 281
526 203
527 439
528 340
529 180
530 501
531 410
532 147
533 479
534 393
535 525
536 176
537 166
538 194
539 469
540 537
541 470
542 382
543 452
544 403
545 48
546 66
547 367
548 266
549 427
550 299
551 24
552 247
553 486
554 62
555 96
556 411
557 547
558 331
559 119
560 199
561 106
562 431
563 269
564 438
565 400
566 260
567 33
568 442
569 65
570 35
571 19
572 555
573 261
574 400
575 17
576 95
577 405
578 334
579 440
580 293
581 555
582 132
583 156
584 12
585 340
586 524
587 522
588 529
589 351
590 202
591 315
592 348
593 444
594 574
595 152
596 438
597 544
598 389
599 282
600 127
