700
2 1
3 1
4 1
5 2
6 2
7 6
8 7
9 5
10 6
11 6
12 11
13 8
14 3
15 12
16 15
17 11
18 2
19 5
20 13
21 9
22 2
23 14
24 13
25 22
26 6
27 17
28 2
29 5
30 19
31 28
32 2
33 32
34 11
35 19
36 24
37 20
38 21
39 23
40 18
41 21
42 32
43 11
44 13
45 39
46 17
47 8
48 4
49 9
50 46
51 20
52 30
53 9
54 28
55 42
56 5
57 20
58 43
59 34
60 41
61 13
62 45
63 44
64 56
65 62
66 6
67 17
68 10
69 61
70 21
71 1
72 43
73 14
74 22
75 67
76 59
77 53
78 29
79 16
80 41
81 6
82 59
83 50
84 25
85 17
86 54
87 10
88 73
89 85
90 40
91 83
92 22
93 38
94 33
95 90
96 20
97 91
98 29
99 68
100 37
101 40
102 36
103 74
104 5
105 101
106 17
107 32
108 23
109 93
110 11
111 12
112 22
113 33
114 105
115 55
116 52
117 45
118 14
119 43
120 42
121 73
122 17
123 89
124 70
125 101
126 122
127 2
128 50
129 29
130 18
131 30
132 126
133 77
134 15
135 12
136 3
137 60
138 114
139 136
140 118
141 47
142 21
143 120
144 50
145 103
146 14
147 12
148 115
149 69
150 128
151 92
152 70
153 114
154 49
155 32
156 140
157 31
158 17
159 147
160 118
161 70
162 51
163 10
164 124
165 118
166 116
167 58
168 2
169 64
170 154
171 101
172 5
173 31
174 163
175 117
176 19
177 142
178 84
179 29
180 73
181 151
182 170
183 49
184 134
185 45
186 95
187 102
188 126
189 4
190 71
191 90
192 41
193 41
194 18
195 75
196 1
197 56
198 66
199 163
200 158
201 95
202 158
203 18
204 52
205 197
206 7
207 69
208 4
209 177
210 63
211 48
212 36
213 160
214 202
215 158
216 8
217 156
218 68
219 132
220 114
221 211
222 130
223 96
224 76
225 59
226 60
227 126
228 176
229 175
230 193
231 47
232 94
233 94
234 18
235 15
236 115
237 74
238 177
239 45
240 153
241 146
242 231
243 203
244 220
245 125
246 71
247 118
248 91
249 100
250 229
251 91
252 183
253 251
254 100
255 252
256 188
257 30
258 220
259 83
260 188
261 123
262 172
263 213
264 181
265 151
266 150
267 142
268 44
269 224
270 88
271 185
272 62
273 101
274 163
275 202
276 251
277 260
278 54
279 154
280 201
281 1
282 129
283 261
284 240
285 65
286 42
287 98
288 137
289 13
290 233
291 212
292 143
293 120
294 275
295 64
296 14
297 56
298 158
299 84
300 88
301 16
302 247
303 110
304 72
305 38
306 116
307 255
308 299
309 179
310 217
311 232
312 159
313 142
314 258
315 111
316 202
317 289
318 53
319 199
320 180
321 88
322 244
323 21
324 129
325 320
326 62
327 149
328 223
329 132
330 275
331 249
332 175
333 78
334 282
335 32
336 294
337 107
338 207
339 280
340 145
341 177
342 95
343 160
344 332
345 143
346 71
347 216
348 306
349 47
350 247
351 110
352 263
353 301
354 59
355 27
356 153
357 277
358 282
359 265
360 254
361 345
362 138
363 330
364 293
365 310
366 344
367 189
368 46
369 327
370 139
371 91
372 318
373 308
374 69
375 109
376 242
377 84
378 304
379 158
380 12
381 331
382 36
383 274
384 218
385 211
386 231
387 28
388 12
389 204
390 160
391 265
392 19
393 10
394 208
395 52
396 150
397 281
398 159
399 396
400 22
401 268
402 376
403 202
404 93
405 195
406 14
407 54
408 77
409 24
410 308
411 184
412 147
413 244
414 263
415 142
416 123
417 30
418 114
419 238
420 71
421 210
422 95
423 134
424 405
425 328
426 407
427 181
428 180
429 14
430 37
431 414
432 410
433 352
434 265
435 148
436 390
437 38
438 64
439 34
440 101
441 317
442 17
443 223
444 127
445 398
446 175
447 126
448 422
449 320
450 23
451 412
452 239
453 384
454 373
455 434
456 57
457 360
458 220
459 358
460 258
461 365
462 390
463 4
464 410
465 257
466 51
467 131
468 326
469 438
470 417
471 220
472 52
473 40
474 26
475 183
476 1
477 141
478 367
479 430
480 97
481 88
482 441
483 438
484 468
485 341
486 435
487 227
488 5
489 423
490 193
491 286
492 128
493 249
494 143
495 84
496 262
497 224
498 404
499 466
500 489
501 204
502 440
503 221
504 357
505 101
506 116
507 489
508 156
509 462
510 126
511 174
512 13
513 83
514 445
515 202
516 45
517 244
518 485
519 125
520 216
521 213
522 5
523 87
524 10
525 358
526 253
527 505
528 252
529 242
530 198
531 219
532 513
533 519
534 490
535 353
536 82
537 279
538 206
539 140
540 339
541 203
542 33
543 506
544 374
545 338
546 335
547 522
548 342
549 35
550 193
551 450
552 388
553 511
554 520
555 245
556 83
557 88
558 103
559 175
560 341
561 207
562 253
563 558
564 388
565 116
566 479
567 116
568 500
569 74
570 418
571 190
572 86
573 449
574 465
575 117
576 281
577 465
578 366
579 262
580 489
581 69
582 39
583 115
584 403
585 323
586 523
587 74
588 64
589 219
590 468
591 415
592 94
593 495
594 128
595 327
596 519
597 215
598 40
599 164
600 307
601 410
602 240
603 592
604 168
605 453
606 18
607 300
608 496
609 142
610 562
611 277
612 584
613 228
614 542
615 443
616 559
617 478
618 394
619 51
620 195
621 163
622 260
623 59
624 421
625 6
626 305
627 183
628 541
629 529
630 499
631 30
632 544
633 148
634 366
635 131
636 459
637 149
638 35
639 544
640 337
641 301
642 216
643 385
644 248
645 411
646 566
647 40
648 318
649 117
650 371
651 616
652 164
653 71
654 38
655 92
656 8
657 212
658 612
659 545
660 160
661 231
662 6
663 245
664 515
665 339
666 389
667 131
668 422
669 223
670 275
671 48
672 629
673 77
674 119
675 473
676 237
677 497
678 240
679 160
680 293
681 566
682 37
683 453
684 633
685 60
686 158
687 371
688 346
689 650
690 644
691 168
692 359
693 336
694 626
695 675
696 502
697 230
698 290
699 647
700 693
