800
2 1
3 2
4 1
5 3
6 4
7 1
8 1
9 1
10 6
11 3
12 7
13 10
14 8
15 13
16 2
17 4
18 17
19 13
20 18
21 7
22 3
23 15
24 15
25 21
26 14
27 14
28 4
29 5
30 13
31 23
32 12
33 12
34 22
35 8
36 4
37 4
38 27
39 21
40 29
41 39
42 5
43 18
44 12
45 42
46 11
47 3
48 24
49 3
50 23
51 10
52 14
53 31
54 44
55 45
56 42
57 50
58 10
59 13
60 58
61 8
62 59
63 37
64 54
65 25
66 12
67 60
68 32
69 56
70 55
71 63
72 47
73 48
74 25
75 53
76 7
77 28
78 2
79 53
80 51
81 60
82 50
83 16
84 15
85 15
86 22
87 75
88 36
89 54
90 70
91 16
92 36
93 23
94 61
95 82
96 19
97 24
98 26
99 31
100 82
101 4
102 37
103 2
104 18
105 90
106 95
107 96
108 97
109 57
110 79
111 100
112 107
113 99
114 98
115 13
116 10
117 10
118 76
119 57
120 25
121 87
122 39
123 111
124 30
125 122
126 99
127 110
128 29
129 124
130 84
131 84
132 107
133 13
134 10
135 50
136 17
137 83
138 52
139 7
140 60
141 42
142 90
143 48
144 103
145 113
146 23
147 88
148 42
149 5
150 91
151 150
152 70
153 105
154 47
155 125
156 21
157 10
158 86
159 107
160 105
161 78
162 90
163 108
164 156
165 132
166 10
167 106
168 157
169 3
170 149
171 134
172 141
173 165
174 30
175 124
176 121
177 84
178 98
179 176
180 105
181 140
182 82
183 76
184 35
185 127
186 105
187 53
188 99
189 170
190 96
191 90
192 77
193 73
194 34
195 106
196 158
197 185
198 69
199 154
200 167
201 114
202 39
203 26
204 25
205 184
206 130
207 101
208 134
209 182
210 9
211 55
212 7
213 207
214 205
215 113
216 106
217 74
218 65
219 22
220 17
221 178
222 115
223 18
224 108
225 78
226 59
227 184
228 189
229 25
230 109
231 42
232 83
233 129
234 6
235 27
236 232
237 29
238 155
239 11
240 91
241 56
242 57
243 36
244 6
245 64
246 109
247 228
248 196
249 11
250 244
251 185
252 131
253 157
254 108
255 89
256 131
257 224
258 90
259 129
260 159
261 247
262 225
263 8
264 142
265 92
266 91
267 266
268 8
269 63
270 250
271 22
272 143
273 105
274 37
275 107
276 96
277 50
278 118
279 90
280 276
281 106
282 12
283 216
284 65
285 21
286 284
287 135
288 210
289 203
290 238
291 219
292 76
293 227
294 178
295 191
296 266
297 132
298 154
299 61
300 100
301 22
302 187
303 16
304 252
305 162
306 84
307 185
308 224
309 302
310 115
311 184
312 189
313 281
314 214
315 237
316 117
317 68
318 167
319 244
320 36
321 230
322 32
323 152
324 191
325 60
326 257
327 16
328 156
329 116
330 218
331 90
332 310
333 283
334 108
335 233
336 108
337 120
338 140
339 132
340 198
341 83
342 77
343 51
344 279
345 51
346 244
347 104
348 112
349 70
350 84
351 68
352 212
353 323
354 350
355 142
356 203
357 287
358 13
359 137
360 224
361 350
362 147
363 279
364 341
365 192
366 333
367 101
368 48
369 209
370 19
371 128
372 5
373 125
374 86
375 16
376 324
377 263
378 345
379 143
380 33
381 227
382 68
383 149
384 95
385 288
386 242
387 130
388 198
389 217
390 302
391 185
392 350
393 91
394 177
395 135
396 214
397 239
398 22
399 306
400 112
401 49
402 182
403 134
404 12
405 70
406 272
407 191
408 166
409 285
410 380
411 173
412 79
413 386
414 174
415 280
416 191
417 355
418 40
419 90
420 417
421 211
422 60
423 63
424 139
425 238
426 97
427 343
428 82
429 12
430 117
431 282
432 42
433 30
434 307
435 332
436 19
437 233
438 173
439 93
440 190
441 306
442 234
443 139
444 243
445 346
446 445
447 102
448 243
449 13
450 334
451 125
452 332
453 207
454 218
455 2
456 401
457 58
458 150
459 334
460 395
461 408
462 380
463 372
464 156
465 26
466 180
467 245
468 175
469 181
470 394
471 340
472 245
473 399
474 450
475 230
476 416
477 268
478 291
479 319
480 122
481 458
482 6
483 152
484 84
485 426
486 15
487 412
488 104
489 85
490 299
491 59
492 93
493 10
494 464
495 389
496 85
497 53
498 107
499 447
500 92
501 291
502 285
503 256
504 110
505 487
506 466
507 58
508 129
509 484
510 429
511 477
512 131
513 151
514 13
515 30
516 315
517 204
518 361
519 498
520 54
521 53
522 379
523 50
524 88
525 205
526 295
527 144
528 367
529 122
530 324
531 364
532 509
533 484
534 463
535 239
536 151
537 242
538 462
539 360
540 117
541 277
542 426
543 275
544 14
545 52
546 533
547 493
548 259
549 467
550 11
551 48
552 465
553 388
554 277
555 369
556 66
557 157
558 56
559 486
560 444
561 544
562 110
563 455
564 543
565 485
566 90
567 130
568 90
569 60
570 467
571 407
572 442
573 166
574 286
575 144
576 543
577 283
578 415
579 195
580 316
581 111
582 335
583 348
584 578
585 85
586 474
587 372
588 33
589 154
590 145
591 198
592 33
593 84
594 28
595 43
596 595
597 498
598 200
599 568
600 300
601 271
602 361
603 139
604 194
605 474
606 95
607 304
608 106
609 588
610 45
611 224
612 264
613 104
614 333
615 55
616 11
617 528
618 432
619 405
620 77
621 260
622 81
623 255
624 257
625 323
626 145
627 457
628 567
629 505
630 317
631 22
632 104
633 282
634 633
635 440
636 412
637 611
638 320
639 35
640 448
641 246
642 598
643 434
644 153
645 215
646 63
647 251
648 579
649 479
650 90
651 321
652 23
653 452
654 340
655 324
656 100
657 24
658 168
659 31
660 109
661 322
662 611
663 585
664 301
665 44
666 173
667 480
668 601
669 608
670 332
671 77
672 190
673 115
674 87
675 632
676 404
677 52
678 475
679 340
680 552
681 141
682 265
683 439
684 117
685 514
686 377
687 339
688 358
689 189
690 631
691 662
692 422
693 126
694 637
695 401
696 468
697 44
698 463
699 540
700 435
701 457
702 27
703 478
704 359
705 101
706 702
707 603
708 248
709 89
710 15
711 45
712 428
713 508
714 233
715 269
716 640
717 320
718 484
719 241
720 533
721 678
722 414
723 260
724 639
725 287
726 119
727 713
728 314
729 644
730 83
731 81
732 378
733 600
734 578
735 481
736 452
737 128
738 265
739 105
740 312
741 408
742 215
743 270
744 3
745 282
746 82
747 13
748 710
749 295
750 621
751 521
752 676
753 440
754 33
755 451
756 627
757 650
758 97
759 689
760 250
761 540
762 64
763 582
764 286
765 491
766 517
767 266
768 353
769 330
770 495
771 700
772 83
773 640
774 22
775 596
776 389
777 720
778 451
779 697
780 196
781 721
782 128
783 187
784 402
785 416
786 251
787 564
788 594
789 110
790 645
791 753
792 637
793 737
794 782
795 656
796 15
797 360
798 187
799 302
800 781
