1000
2 1
3 2
4 1
5 2
6 5
7 2
8 2
9 1
10 9
11 6
12 1
13 9
14 5
15 11
16 4
17 10
18 3
19 12
20 11
21 15
22 8
23 21
24 8
25 10
26 21
27 9
28 27
29 12
30 17
31 4
32 23
33 32
34 27
35 8
36 7
37 20
38 20
39 7
40 21
41 34
42 6
43 39
44 35
45 38
46 4
47 10
48 37
49 33
50 24
51 23
52 46
53 51
54 29
55 31
56 47
57 28
58 39
59 20
60 34
61 16
62 43
63 49
64 58
65 63
66 62
67 13
68 39
69 50
70 36
71 38
72 21
73 54
74 35
75 35
76 33
77 51
78 56
79 51
80 31
81 2
82 9
83 69
84 81
85 31
86 19
87 39
88 6
89 2
90 50
91 32
92 39
93 21
94 57
95 69
96 34
97 34
98 90
99 16
100 92
101 56
102 68
103 11
104 48
105 73
106 5
107 55
108 8
109 108
110 108
111 3
112 86
113 2
114 69
115 22
116 33
117 40
118 15
119 19
120 111
121 104
122 75
123 34
124 74
125 9
126 18
127 63
128 1
129 61
130 72
131 38
132 22
133 99
134 28
135 99
136 95
137 68
138 108
139 73
140 53
141 83
142 74
143 136
144 35
145 139
146 116
147 49
148 103
149 13
150 75
151 62
152 72
153 96
154 122
155 137
156 101
157 12
158 61
159 22
160 96
161 33
162 38
163 133
164 135
165 99
166 92
167 31
168 129
169 29
170 90
171 115
172 77
173 141
174 137
175 130
176 73
177 121
178 31
179 172
180 126
181 7
182 27
183 57
184 171
185 172
186 127
187 99
188 174
189 128
190 180
191 81
192 74
193 192
194 26
195 109
196 110
197 90
198 25
199 168
200 111
201 10
202 7
203 89
204 142
205 59
206 90
207 150
208 169
209 23
210 3
211 154
212 174
213 77
214 65
215 96
216 36
217 147
218 76
219 95
220 109
221 8
222 61
223 119
224 108
225 20
226 39
227 105
228 71
229 49
230 113
231 107
232 150
233 196
234 232
235 10
236 78
237 185
238 226
239 160
240 99
241 180
242 52
243 170
244 156
245 57
246 43
247 150
248 82
249 176
250 88
251 110
252 53
253 141
254 44
255 138
256 165
257 255
258 122
259 205
260 226
261 76
262 184
263 75
264 194
265 175
266 87
267 236
268 63
269 84
270 93
271 39
272 52
273 238
274 195
275 127
276 162
277 79
278 36
279 127
280 214
281 201
282 35
283 220
284 71
285 183
286 187
287 205
288 148
289 103
290 121
291 259
292 277
293 158
294 117
295 239
296 6
297 115
298 68
299 115
300 40
301 191
302 200
303 73
304 208
305 246
306 149
307 295
308 52
309 10
310 229
311 44
312 181
313 23
314 7
315 57
316 25
317 223
318 86
319 243
320 90
321 107
322 177
323 13
324 88
325 260
326 206
327 251
328 117
329 318
330 306
331 220
332 121
333 59
334 272
335 332
336 304
337 21
338 20
339 209
340 224
341 30
342 110
343 289
344 98
345 226
346 8
347 38
348 342
349 173
350 112
351 273
352 251
353 138
354 19
355 320
356 168
357 335
358 128
359 20
360 27
361 184
362 170
363 356
364 154
365 349
366 199
367 168
368 329
369 89
370 280
371 267
372 91
373 345
374 152
375 37
376 44
377 306
378 293
379 75
380 298
381 309
382 290
383 345
384 246
385 47
386 280
387 378
388 125
389 361
390 214
391 343
392 26
393 6
394 225
395 370
396 272
397 353
398 108
399 389
400 150
401 318
402 28
403 162
404 231
405 319
406 310
407 49
408 354
409 354
410 14
411 151
412 292
413 194
414 276
415 178
416 273
417 253
418 405
419 144
420 177
421 359
422 165
423 372
424 337
425 12
426 81
427 361
428 82
429 333
430 328
431 43
432 164
433 355
434 232
435 290
436 184
437 113
438 212
439 214
440 2
441 151
442 433
443 244
444 351
445 287
446 84
447 4
448 129
449 106
450 399
451 297
452 333
453 418
454 453
455 421
456 245
457 114
458 60
459 282
460 72
461 279
462 115
463 22
464 349
465 353
466 412
467 345
468 128
469 329
470 98
471 456
472 442
473 340
474 21
475 40
476 157
477 6
478 83
479 222
480 268
481 440
482 9
483 83
484 451
485 430
486 392
487 268
488 9
489 191
490 303
491 79
492 338
493 65
494 191
495 135
496 267
497 132
498 341
499 153
500 7
501 342
502 419
503 164
504 465
505 148
506 209
507 144
508 353
509 326
510 244
511 50
512 346
513 78
514 449
515 236
516 482
517 354
518 96
519 379
520 361
521 408
522 483
523 377
524 211
525 319
526 402
527 11
528 454
529 435
530 316
531 431
532 349
533 355
534 382
535 178
536 151
537 463
538 128
539 152
540 7
541 506
542 132
543 390
544 314
545 207
546 321
547 153
548 457
549 265
550 149
551 376
552 112
553 351
554 215
555 117
556 293
557 129
558 22
559 542
560 381
561 144
562 454
563 189
564 146
565 503
566 269
567 287
568 399
569 99
570 156
571 35
572 62
573 520
574 14
575 235
576 36
577 570
578 402
579 6
580 241
581 524
582 131
583 295
584 479
585 482
586 464
587 253
588 98
589 65
590 587
591 226
592 36
593 509
594 225
595 374
596 6
597 238
598 542
599 351
600 598
601 251
602 415
603 162
604 198
605 179
606 195
607 523
608 518
609 455
610 116
611 601
612 336
613 484
614 319
615 103
616 421
617 174
618 364
619 522
620 234
621 514
622 140
623 516
624 174
625 498
626 290
627 405
628 200
629 423
630 320
631 268
632 281
633 431
634 620
635 256
636 584
637 515
638 443
639 433
640 489
641 238
642 595
643 257
644 206
645 237
646 313
647 513
648 233
649 281
650 614
651 153
652 14
653 352
654 10
655 80
656 459
657 617
658 111
659 177
660 615
661 125
662 34
663 571
664 318
665 640
666 169
667 627
668 576
669 647
670 17
671 328
672 488
673 22
674 648
675 304
676 76
677 661
678 150
679 401
680 199
681 447
682 418
683 552
684 84
685 478
686 360
687 481
688 113
689 291
690 46
691 611
692 249
693 504
694 623
695 673
696 397
697 74
698 317
699 651
700 577
701 162
702 688
703 179
704 575
705 59
706 139
707 403
708 679
709 60
710 399
711 548
712 288
713 648
714 599
715 656
716 383
717 389
718 180
719 218
720 444
721 552
722 688
723 566
724 211
725 327
726 548
727 321
728 326
729 546
730 390
731 10
732 424
733 21
734 542
735 415
736 391
737 413
738 478
739 555
740 678
741 174
742 524
743 561
744 48
745 554
746 285
747 679
748 553
749 235
750 379
751 420
752 83
753 157
754 317
755 731
756 297
757 615
758 125
759 374
760 573
761 359
762 18
763 533
764 759
765 631
766 339
767 445
768 410
769 603
770 179
771 605
772 92
773 440
774 270
775 229
776 753
777 70
778 432
779 35
780 280
781 374
782 39
783 26
784 197
785 746
786 631
787 94
788 336
789 618
790 212
791 698
792 343
793 345
794 80
795 527
796 780
797 729
798 684
799 277
800 257
801 686
802 641
803 327
804 492
805 256
806 357
807 477
808 377
809 327
810 68
811 631
812 99
813 425
814 260
815 493
816 790
817 351
818 35
819 522
820 363
821 586
822 101
823 263
824 496
825 16
826 693
827 48
828 131
829 760
830 121
831 769
832 531
833 310
834 135
835 314
836 187
837 153
838 240
839 13
840 366
841 354
842 311
843 1
844 632
845 253
846 177
847 109
848 475
849 31
850 301
851 5
852 821
853 782
854 585
855 415
856 722
857 819
858 484
859 484
860 61
861 59
862 170
863 98
864 579
865 226
866 490
867 298
868 545
869 776
870 174
871 788
872 185
873 264
874 309
875 349
876 76
877 861
878 73
879 347
880 686
881 188
882 472
883 510
884 480
885 425
886 29
887 357
888 647
889 151
890 213
891 790
892 372
893 719
894 889
895 643
896 500
897 376
898 296
899 552
900 441
901 106
902 245
903 223
904 808
905 61
906 386
907 91
908 97
909 101
910 708
911 768
912 515
913 397
914 6
915 50
916 738
917 499
918 391
919 686
920 28
921 881
922 273
923 543
924 434
925 901
926 211
927 162
928 597
929 497
930 416
931 3
932 674
933 402
934 866
935 444
936 752
937 229
938 510
939 748
940 528
941 207
942 698
943 789
944 822
945 8
946 686
947 769
948 681
949 336
950 65
951 285
952 58
953 249
954 67
955 131
956 613
957 256
958 24
959 323
960 779
961 896
962 364
963 209
964 861
965 576
966 4
967 696
968 217
969 83
970 426
971 142
972 800
973 930
974 196
975 519
976 542
977 788
978 965
979 528
980 213
981 882
982 142
983 681
984 896
985 526
986 597
987 902
988 672
989 769
990 865
991 985
992 897
993 486
994 142
995 354
996 435
997 353
998 647
999 5
1000 695
